99114119 5911193141 3199114313 1. 91111 1:11. 11. (ADESP.) 415

ΕΙ). 1. En. 11.
1195 3Ή
399 378
315 Ευ1.778
316 384
317 386
321 390
327 397
328 399
329 401
335 407
341 413
346 418
347 9953.29
348 419
351 422
352 99111130
353 423
358 430
361 438

1
1

363 9959.31
304 443
366 Ρ5696.2
367 epin1 32
368 445
371 448
373 9999.33 ·
374 450
377 453
383 460
385 462
391 468
394 4711
396 γ 474
401 481
403 484,
404 Eur.555
405 485

413 9
414 4951
414 4911
Ωῦὼώ6ᾈ
425 5951
411 593
439 5131
429 3959.34
439 5131
431 - 511Ι
432 519·
431 5341
445 5341
4:10 Em·.774 1
451 53Y1
454 538
451 E111·.1060 1
458 Ευτ.1063

3111. 111111. En. 1. 1111.11.·1;11.1. 141111.
Fr.362 442 F1.410 491 Ι Fr.459 544

462 547
465 550
468 559
470 564
475 569
481 575
482 577
483 579
480 ephn.35
487 584
488 586
489 ephn.36
450 591
491 epnn.37
492 588
404 591
496 593
499 598

 

