60111770 9977797779 171177611116161. 97777 33. 11. (soPH. 3719.) 411

6131. Ε1).11. 6131. mn. 6111. 6:311} 1⁴:111 ΕΙ). 11.

Fr. 739 736 Fr.730 792 17667 666 71313 947
733 736 793 791 999 997 999 999
794 949 794 799 9999 999 999 999
799 9941 796 1916 999 977 963 9999
799 79791 797 797 979 979 994 999
797 999 999 999 979 979 997 979
799 799 609 6939 974 979 999 979
799 999 977 977 979 7977 999 979
749 749 999 999 979 679 977 961
747 749 997 631 676 661 366 363
749 7991 9999999999 994 999 966 369
749 749] 994 633 999 997 999 999
744 744 999 999 999 999 7999 1996

761 797 999 9997 999 997 7979 7974

799 799 997 9999 999 997 7979 7999

763 769 636 637 996 993 1316 7999

761 766 639 636 316 316

766 763 949 944 999 994 7979 7999

774 779 999 997 999 999. 7999 7999

799 797. 997 999 994 999 7999 7999

797 7991 997 999 994 999

1918 ephn.6

696161966

.. 1719111 17391. ΕΙ). 11. 1:131. ΕΙ). 11. 6131. 61111.

1 7112ss 794 99779 779 Fr. 997 999
4 7997999797 779 779 999 999
77 7999 799 799 799 999 997
74 999 999

126 129 184 184
127 126 186 186 296 294

99 799 7991 799 799 997 999

24 129 128 191 191 397 305

29 ¹ 139 131 197 197 312 310
36 131 133 299 291 316 314

779 799 139 997 999 979 977
27*

 

99 799 799 999 997 994 999
49 7947497 979 979 997 999
44 799 749 979 999 999 997
99 799 7994 999 999 999 999
7· 749 799 997 999 336 949
999 944
999 999
997 949
999 999
947 949
9497449997
949,9-7 999
949 997
944 999
949 999
949 947
947 994
949 947
999 949

’ζ 747 749 997 999
999 949

. 749 747
744 799 999 999
749 7441 997
749 799 999 .

7 747 794 949 ,4
749 749 949 .

749 1601 999 ,7

799 7997 997 ⁸.·

163 167 999 “·

794 794 999

797 797 979

794 794 994 «9.

779 1701 999 97

 

