410 00114110 334443343 3433. 4 33443. 171 34333. 44. (433344, 33344.)

0101. 0011.) 1:131. 0011. 1:01. 1:014· 1:01. ΕΙ). 11.

11. 354 400 11·.310 3334 43433 433 11. 430 444
333 3341 343 343 433 433 433 333
333 4334 333 443 404 430 430 431
351 433 334 om. 433 433, 431 430
350 431 303 3044 400 343, 433Δ 0111.
350 433 333 333 434 3434 433 333
300 333, 334 3331 433 433 434 313
334 4434 333 343 433 443 435 ’4-
333 343 300 301 410 434 430 .
333 443 334 3334 444 334 434
334 333 333 443 443 443 433
333 -443 (1. 433· 443 343 433 ,
300 3 501111.) 414 414

433 4 ’
443
444

334 0111. 333 343 443 413
333 343 333 335] 410 454
333 Eur. ¹0²8: 301 300 411 343 443 ·
310 ³⁵⁸( 333 3334 443 333 443
344 333 333 om. 410 334 444
343 334 334 344 433 334 443
373 369 395 401 421 om. 440

448

314 301 300 433 433 333
343 334Ι 334 433 433 333
343 334 333 300 434 334 443
344 444, 333 344 433 444 433
344 443 400 435 430 415 400
310 4101. 44 434 334 434 443

soPfl00300

120.11.[ ml. 0014* 3:11. 1. 111311. ΕΙ). 1.

11131111. 34 344 1141 43 10. 44
4 33 34 43 43
33 33 33 43

= 34 33 33 44

33 34 4 34 43

33 334 . 33 43

33 33Ι 1· 53 44

· 31 30 . 53 10

33 34 1 34 43

33 33 4 33 33

34 33 . 434 34

35 34 5 334 34

. 33 33 1 50 33
4 34 33 · 33 33

33 34 34 34

33 33 33 33

· 43 43 4· · 33 33

44 44 · 34 34

1 43 45 350 03
¹ 43 444 ¹ 351 00

44 43 .‚ 343 33

46 41 35„ 92

3.Ε 45 40 Γ 34441 34

 

