OOLLATIO EDITIONIS DINDORFIANAE V. CORR.
LOND. 1869. CUM EDITIONE NAUCKIANA II. LIPS. 1889.

ΔΕΒΟΠΥ998

1³:111. 111111. 11111. 1:1111. 3111. ΕΙ). 11. ED. 1. 131).st

Fu 1 l Fr. 40 43 Fr. 77 ρ.27 11.116 120
3 41 44 78 83 117 121
421 45 79.80 84 118 118
426 46 81 85 119 121
43 48 82 86 120 122
49 83 ρ.28 121 123

47 84 87 122 ρ.40

50 85 88 123 124

52 86 99 124 125

53 87 93 , 125.·126 126

88 89 1276 127

89 91 1276 128

99 92 1270 129

99 294 1276 130

91 94 128 131

92 238 129 139

93 95 130 137

94 1131 131 131

95 p.3l 132 Ευτ.888

96 96 133 138

97 98 134 135

98 100 135 136

994 101 136 133

996 284 137 134

100 103 138 ·141

. 101 102 139 142

102 104 140 140

103 105 141 143

104 106 142 144

105 107 143 145

. 106 116 144 141

” 107 108 145 146

108 113 146 147

109 115 147 148

110 117 , 148 149

111 111 ¹ 149 1149

112 118 Ι 150 150

113 119 Ι 151 152

114 120 162 15]

115 119 l 153 154

 

