Fr.491

 

5555155 55515155 5155. v 5555. 777 NAUOK. 11. (som.) 421

551. En. 11. En. 1. Eo. 11. 551. 7:511. 551. 55. 11.
ffl9stwfflmffiffiffl9 ω Rffi 6ffl

491
492
493
494
495
496
497
498
499
500
501
502
503

1 ’ 504

505
506
507
508

510
r

509 54555569

503
564
505
567
596
509
adesp.9
510
511
512
513
514
515
516
517
521
526
519

522

511 p. '

512 f:
513 ,2

514

515 .’

516
517

519
520
521

547
548
549
550 ’
551
552
553
554 ’
555 ”
556
557 ’
558 ”
559
560 .
561 (193) 577
5625 578
5625 566
5625 576
563 579
564 581
565 587
566 582
567 583
568 584
569 585

· 570 (555) 586

518

571 580
572 588
573 597

⁷ 574 596

522 ..

523
524
525

527. .

528
529

530 .
531 ἵ .
{L 585 592

532
533

535

534 ff

536 ἴ Γ
r 2 591 591

537
538
539
540
541
542
543
544
545

515
550
554

556,
055 1
557Ι
5597

575.575p.272
577 555
578 553
579 505
580 599
551 600
552 554
5535 505
5835 601
584 602

585 693
587.588 598
599 594
590 590

592 608
593 589
594 602
594 607
595 609
596 610
597 612
598 613

600 614
601 1021
602 615
603.604 624
604 55155 3
605 616
606 622
607 Eur.431
608 621
609 618
616 620
611 619

” 612 623

613 627
614 626
615 628

. 616 617

617 629
618 630
619 625
620 631
621 p.282
622 632
623 633
624 634
625 1005
626 636
627 635
628 638
629 639
630 640
631 637
632 adesp.10
633 om
634 644,2
635 645
636 646
637 641
638 647
639 643
640 642
641 948
642 659
643 · 651
644 652
645 653
646 655
647 654
648 656
649 656
6595 660
6505 657
651 608
652 662

654 870
655 870
656 876
657 832
658 54555509
659 833
666 835
661 836,1
662 836,2
663 837
663 838
663 839
664 755
665 840
666 841
667 842
668 843
669 844
669 845
670 846
671 847
672 847
673 849
674 850
674 851
675 852
676 853
677 854
678 855

“ 679 856

680 857
681 858
682 859

. 683 860

684 863
685 868
686 861
187 862
688 864
689 866
690 867
691 869
692 869
693 795
694 742
695 680
696 690
697 691
698 693
699 694
699 693
699 · 694
700 695
701 669

 

