412 commo 4454440443 4444444444 4. cum 444). 44. (444444.)

m). 1. Eo. 11. En. 1. En. 11.
352 Fr. 510 504

Fr. 354
361
363
365
368
370
374
380
383
384
385
386
387
391
302
393
395
400
402
407
413
418
422
425
420
431
436
441
448
452
453
454
455
456
457
459
461
462
463
468
474
476
480
483
485
486
487
489
491
493
495
498
499
505

359
361
363
367
369
373
379
996
997
382
epim. 7
383
387
964
380
391
396
398
403
409
414
418
421
425
428
433
438

5444944443

515
516
520
524
530
535
538
544
549
554

511
512
516
520
526
531
534
540
545
556

559 adesp. 483

560
564
570
576
580
582
584
588
589
502
505

598 ’

602
607
613
620
625

’ 627

[¹ 640

482
489
483
485
487
400
402
496
497
503

509 4404444510 ’

631
635
638
643

556
560
566
572
576
578
580
584

589
592
595
509
604
610
617

44444. 4444444 Eo. 1. 444). 44.
635 474. 832

Fr. 686
689
691
696
697
700
701
702
703
704
705
700
707
708
710

4844 ””

688
690
695
696
705
703
707
704
699
700
706
7143
714
709
717
721
719
701
722
713
716

‘ 724

'2 732

623 ⁹:

625
630
634

637 ”“

639
642

646 adesp. 404
647 opim. 8

648
649
653
658
660
062
603
664

667
669
670
671
672
674
675
680

44444 ⁹* 4
· 4 4446

647

651 '⁴⁸2
657 'fe

650 7 ”” ‘
061 ” ” 7

662

666

726
727

737
742
751
753
758
760
766
771
775
777

833
837
841
843
846
849
851
852
853
857
864
871
872
873
875
876
877
880
881
885
800
891
893
894
895
896
897
000
902
004
907
911
914
918
919

. 922
’ 7, 924

925

„
Ἦ 928
“ '2 929

936
940
947

· 948
, 049

962

950

. 053

956

f 958

961
963

4· 064

,5444444490
836

840

844

847

850

854

857

858

861

865

872

879

epim. 9
881

1110

883

884
888
889

893

898

899
adesp. 99
902

903
880
905
908
910
912
915
919
922
1111
926
930
932
972
1027
934
935
942
946
954
056
145, 2
958
961
965
967
971
970
973
974

 

