33134113 0011101013010011111131. 31111 3111113113
3133311111 111)

-—=—-—-

Anscfluus.

111). 1. ΕΙ). 11. 1301. ΕΙ). 11. 3111, 121).11.=111>.1. .11.

11, 1 1 33133 133 11111 11313313 313
1· 3 103 113 211 111Ι 314 333
3 3 113 113 111 113 311 333
3 133 113 331 111 131 334 343
10 10 111 121 231 . 238 333 310
14 11 122 113 133 141 343 333
13 13 113 113 143 141 343 333
11 13 113 133 143 143 343 333
13 14 131 133 143 133 334 334
11 13 133 143 1331 134 331 311
31 34 143 144 133, 1-4 133 331 33
31 33 143 133 131 133 333 311
33 33 143 134 133 133 313 333
10 41 133 133 134 131 313 11
43 44 134 133 133 133 333 333
43 41 131 131 133 133 333 334
33 31 131 133 131 131 333 431
33 33 134 113 133 111 331 331
31 33 133 114 113 1131 333 433
33 33 114 133 113 1131 100 103
30 31 113 131 113 131Ι 433 411

33 33 113 133 111 133; 411 1

33 11 131 133 133 1331 413 413

13 13 133 131 131. 343, 413 431

13 133 134 133 1331 413 433

131 131 134 331 411 441

134 431441 133 333Ι 433 443

195 . 301 308 1 439 449
Γ 190 “. ’ 305 312 1 442 454
203 00 310 317 443 3111111. 1
204 203 313 321 444 450
200 210 315 323 451 463

¹³) Sumpta 311 editione Nauckiana 11.

 

