66111116 1161116116 11111). v 661111. 111 mcx. 11. (66111.) 419

ΕΙ). 1. En. 11. EI). 1. ΕΙ). 11. 1151. 111111. 1151 ΕΙ). 11.

Fr. 93 102 , Fr.146 145 81.190 189 11· 248 246
103 147 140 1 200 100 249 229
104 148 130 201 191200 230
“ 100 149 138 ‘ 202 100 251 232
106 100 144 Ι 203 196 202 247
74 101 143 204 193 203 231
75 1 102 141 200 107 254 233
76 103 731 206 104 250 260
77 154 147 207 108 256 248
78 155 142 208 199 257 250
79 156 146 200 192 258 202
80 157 148 210 . 259 251
81 158 149 211 . 259 261
82 159 100 212 1 209 253
83 160 151 “ . 2 260 273
84 161 152 261 250
80 162 103 . 202 204
86 163 154 ‘ ‘ 203 250
87 163 155 ‘ . 204 om.
88 164 100 265
161 165 157 1 2 Ι166
108Ι 166 108 “ 2 . ” 267
116 161 , 166 ‘
109 168 ’ a 269 1 “
117160 ‘a . 270
111 116 z , 271
112 171 ; ·· 111
113 172 ·“
115 173
110 174
175
118 176
177
2178
2 110
” 180
181
182
183
“; 1846
· · 1841)

193 1
.· 1111161 11113
. 196 “
“ 197 .
137 . 108 64601 2

 

