420 5555555 5551555 mm). v 5555. m 51555. 11. (som.)

551. 55. 11. 551. 55. 11. 551. 555. 55. 1. 55. 11.
301 15.35] 357 Fr.401

Fr.200
300
301
302
303
304
305
306
307
308
300
310
311
312
313
3145
3145

300
mn.
374
304
310
305
309
307
308
306
311
321
320
315
317
313

315(493 om.

310
317
313
310
310

320 ·

321
322
323
324
325
326
“327
323
320
330
331
332
333
334
335
336
337
333
330
340
341
342
3435
3435
344
345
346

322
316
323
313
314
312
324
325
326
327
328
320
330
331
332
334
333
57
335
336
337
333
339
340
371
341
342
344
345
346
347

347 .,ι

340
350

343 7...
’55 ι 400 adesp.7

352
353
3545
3545
355
356
357
353
350
360
361
301
362
363
304
365
366
367
368
309
370
371
372
373
3745
3745
375
376
376
377
378
379
380
331
381
382
383
384
385
335
386
337
333
300
391
302
303
394
305
396
397
308
309

356
p.219
372
370
371
1005
309
375
370
377
378
218
370
380
382
383
384
385
381
386
387
388
3891
355 1
301
om.
302
,393
304
401
402
, 399
438
396
977
308
400
403
404
802
305
397
405
407
406
403
410
5.228
555
413
411
412
409

401
401
401
402
403
404
405
406
407
408
409
410
411
412
413
414
4155
4155
4155
416
417
413
419
420
421
422
423
424
425
426
427
428
420
430
431
432
432
433
434
435
435
436
437
433
439
439
440
441
441
442
443
444
445
446

417 05.447

418
422
423
420
415
410
419
421
777
880
429
414
424
426
427
425
428
278
277
665
200
430
431
432
433
434
435
436
om
437
439
440
442
444
445
441
719
446
447

440

450

443

454

452

455

459

456
5555 2

453

451

457

472

401

462

448
4495
4495
450
451
452
453
454
455
456

464
466
467
463
458
405
473
474
470
475
476

457 (455) 455

458
459
460
4015
4615
4625
4625
4625
4625
4024
463
464
405
406
4675
4675
468

. 455

470
471

473
474
475
476
477
477
477
478
470
430

4815
482
483
483
484
485
486

468
477
471
478
460
358
359
303
362
301
365
360
364
368
307
360

’ 472 ,. ”

4815 77

455 ff'

 

