410 03111110 301110313 1110111113131. 0011 111. 11. (3030.)

301’11003133.

141). 1. 1211111 ΕΙ), 1. 131). 11. 3131. 1111111 3131. ΕΙ). 11.

11. 1 1 01. 300 303 11. 333 333 11. 343 343
1 111 1111 111 111 551 333

311 1111 333 333 333

,- 331 2301 333 401 333

1 333 133 111 111 3 333

333 333 403 411 1 331

333 115 111 111 511

’ 111 111 111 111 313

330 331 115 111 333

330 333 410 430 330

333 333 411 413 . 330

340 330 413 413 4' · 331

431 111 343 413 413 1 333

43 151 151 430 431 303

30 333 313 431 434 300

33 151 151 111 433 301

30 333 331 434 433 313

38 1 333 334 433 433 ² opi111. 3

151 310 3102 433 431 ·· 313

33 313 303 431 434 033

371 213 313 433 433 333
14 314 314 441 444 330
13 311 311 443 443 333

33 331 331 431 434 343

81 231 337 434 epim.2 643

03 334 334 433 431 111, 1

100 333 333 431 151 043

104 333 1111 431 433 · 343

111Ι 303 304 431 433 334

111 304 303 410 413 1 333

133 313 303 413 413 1 111

111 311 313 111 115 ’ 34

131 313 311 414 413 303

133 333 333 413 430 z 333

1311 333 333 433 433 301

133 131¹ 333 334 433 431 333
134 133 331 333 433 434 313
133 133 330 340 433 433 ⁹ 131
143 141 344 343 433 431 333
141 140 341 343 431 433 331
134 133 343 3331 303 304 ‚- 333
131 151, 151 330 304 301 333
133 131 333 333 303 303 101
133 131 331 333¹ 303 303 103
113 113 333 333 311 314 103
111 111 330 301¹ 313 313 113
133 133 333 313= 330 3331 ·· 130
131 133 333 3101 333 333 ‘4334
111 111511 111 314v 333 331 132
111 133 311 330 33> 333 · 133

103 111 111 3331 3313 333 023
300 133¹ 333 111Ι 340 343
303 3031 333 3331 343 3411 131 133

 

