422 0017177710 711171081811140. 7· 804444. 844 4448848, 44. (804844.)

7171. ΕΙ). 11.Ι 1:11. 1. ΕΙ) 111 1:0.1.7:011.7 ΕΙ). 1. ΕΙ). 11.

88. 8848 080 88800 888 158071007 488804 088
808 007 750 888 808 808 808 880
804 000 808 884 804 808 085
705 718 758 880 840 800. 804 880·
800 808 750 884 0801 800 888
808 804 . 800 4048 008 800 4088

708 085 701 8718 677 867 937

800 808 808808 808 088

840 800 808 800 8 8· 880 848

844 880 804 800 880 080

712 780

848 888

764 807 “ ¹ 871 940

769 801 . 7 87'2 713
714 786 788 799 ³ 7 873 714
710 747

710 748 7·
717 7414

717 750 671 8 ⁹ 877 014
718 751 ⁸ 072 8 078 045
719 702 ””8 1017 ‘zv' 879 703
719 703 ”’
720 704 ”“

659 ⁸. 7 874 941
816 ·. 875 949
688 8 ‘ · 876 943

008 8 880 . 771
828 8 Ὗ 884 040
884 808 880 88 888 x047
888 808 · 880 8 888 804
888 800 7 011 : 884 738
884 800 ⁶·
880 804

808

804

700

831 ‘ 7 885 948
811 “ 5 886 732
705 887 950
⁸ 1010 : 7 888 951
834 ’ζ ” 889 903
873 4 890 700

. 874 ζ’ . 891 954
768 ‘¹

766
707
750 ε . 808 008
700 888 ’ ’ 808 088
880 800 8 804 888
884 088 804 4088
772 729 ¹5 890 950
773 780 ¹ 808 055
774 790 673 ⁵ 897 716
775 701 788 .- 808 057
880808 004 ., , 800 058
778 7 708 808 8 000 888
779 794 684 , ’ 2 8010 708
780 700 1024 1 ”.ἰ 90111 792
884 800 888 7 · ,8 008 800
888 808 888 1 .· 8Ι 008 050
788 808 884 88 a: 004 717
· 784 700 885 5¹ 8 005 000
810 800 880 · ,8 000 001
784 801 887 · 007 808
870 808 888 88 008 804
814 808 800 000 804
888 804 801 88 040 000
40801 805 808 · 011 008
87788741 800 084 8 88 048 808
706 807 0757 ‘¹ 913 epim.5

 

