22224222 11011101115 0015. 'v 2222. 22 242222. n. (42222.) 111

11111. 5:11. Π. 1001. 111).11. 5111. 5011. ΕΙ). 1. mn.

10. 154 p. 50 om. Fr. 203 135 Fr. 553 562 55305 315
155 155 501 505 551 524 2222 242
255 252 225 222 255 252 222 222
155 , 222 222 222 252 222 305 350
155 153 501 522 252 222 222 303
155 151 505 510 555 55515510 310 355
252 222 222 511 252 224 2245 351
155 151 510 515 550 551 3115 350
252 255 222 242 222 222 222 222
150 155 511 513 555 222 222 224
222 222 222 224 222 225 224 222
222 225 222 225 224 222 315 355
153 552 224 222 225 222 225 222
224 224 225 222 222 222 222 330

155 153 515 550 551 p.84 311 331

155 115 511 511 555 442 222 222

222 222 222 222 222 5. 222 422

222 555 222 222 222 .

222 222 222 224 222

222 222 222 222 222

222 222 222 222 222

222 225 553 5. 22 511 ⁶

113 115 551 555 515

111 111 225 555 515 5 1

115 111 555 551 511 510

115 115 222 222 222 222

222 5. 55 555 531 222 425

115 110 550 555 550 551

110 150 530 550 222 252

150 151 530 530 555 150¹ 330 335

151 155 531 531 553 225 222 225

222 222 222 222 55155515103. 222 222

222 225 222 225 225 222 222 222

224 224 224 222 555 300 331 315

155 155 225 530 555 222 225 222

222 151 535 242 222 222 222 222

151 5. 22 222 242 222 222 331 351

155 155 535 515 222» 222 335 222

320 314
321 309
321 310
321 311
322 313
323 0111.
324 402
325 163
326 403
327 404
328 363
320 355

155 505 535 513 500 301 333 222
222 225 222 242 222 225 242 222
222 222, 222 244 535 305 242 222
222 222; 222 245 222 222 242 422
222 222 242 242 224 305 315 113
105 105 511 242 505 300 242 222
222 103¹ 515 5. 22 505 422. 244 452
224 224 242 242] 222 222 245 224
225 225 244 255“ 222 2225 242 442
225 222Ι 245 252Ι 222 222 242 452
222 222 242 2521 222 222 242 422
222 222 242 5511 300 311 310 115
198 105 515 555 301 3531 350 222
222 2241 242 252 222 350 351 131
500 5031 550 555 303 222, 252 422
222 222 252 252 224 2224 353 224
222 131111¹ 555 222, 225 2245 252 442

 

