 

 

99991919 1191919919 nise. v. 991111. 111 Nives. 11. (sopri.) 423

Ei). 1. 11011. ΕΙ). 1. Eo. 111 111). 1. ED.11.¹ED.1. ΕΙ). 11.
om. Fr. 930

Fr. 914
915
916

· 917

918
919
920
921
022
923
924
925
· 026
027
928
929

999
919
911
371
372
337
373
191
373
377
374
975
723
713
373

931

9329
0321)
933
934
935
936
037
938
939
940
941
942
942
943

980
981
082
983
984
743
985
986
400
988
989
735
987
989
736

979 Ι Fr. 944

945
946
947
948
949
950
951
952
053
954
955
956
957
958
959

990 , Fr. 960

546 .
820
993
904
744
998
090
1000
1091
1002

· 1003

1004
720
1008
1010

061
962
963
964
965
966
967
968
9699
96911
970
971
972

1012
1011
725
875
666
739
740
797
813
817
889
896
091
920

Apud 0190916991 desunt, ni fallor, Aeschyli fragmenta (Nauck. 11.) 35.
209. 305. 343. 344. 345. 368. 380, 392. 417. 422. 429. 436. 437. 438. 444.
446. 454. 457. 458. 400. 462. 464. Sophoclis 68. 343. 518. 649. 687. 608.
733. 734. 740. 746. 777. 797. 8113. 805. 810. 812. 813. 815. 817. 848. 865.
907. 924. 925. 030. 934. 949. 963. 976. 991. 996. 1009. 1015. 1016. 1025.
1027. 1028. et epimetr. 4.

Euripidis ideo nullam tabulam subjeci quia in uimque editione, Din-
dorfianav cerr. et Nauckiana 1 iidem numen' suni, discrepantia 91119111 9111119-
num Nauekianarum 1 9111 supra apposita est.

 

